27.4771
69.5877
95.2476
88.1881
76.9466
100
100
90.9739
100
68.5271
53.7208
98.2956
68.0843
61.6861
75.9729
84.9903
85.9053
77.8239
87.3064
90.537
95.5298
100
74.5488
67.0123
82.9957
82.8228
85.2494
76.0512
67.7978
54.9077
95.1932
88.657
84.9455
92.0253
100
57.2459
74.4304
81.3417
100
88.2313
84.6232
63.4868
79.8721
88.7628
69.0423
68.0264
91.5176
60.7718
96.618
76.4153
79.9236
57.6294
100
70.8317
71.8708
55.3998
46.5085
76.8249
74.8462
67.9261
97.6077
90.2763
95.5851
100
67.5795
91.2579
90.3567
65.9571
90.2115
74.1202
63.9431
76.5776
55.0895
69.957
76.2388
68.7958
66.5213
62.8637
81.9919
66.8859
75.9058
84.6922
73.217
56.3163
69.1421
82.3317
66.3628
75.9318
91.3337
92.9547
99.5003
84.4864
93.6322
68.9268
97.125
92.4341
73.4318
74.9021
69.9784
43.8421
92.3594
71.6375
76.9891
98.6726
86.9669
57.113
89.7386
67.5666
31.6059
66.9495
78.2228
74.6031
74.9271
93.4768
74.4019
85.6877
53.2389
75.299
100
92.4325
58.1099
94.7555
68.6755
82.4382
57.8379
94.2485
93.3183
71.1006
92.676
71.5864
79.7394
68.4953
94.872
53.889
100
94.2123
78.7769
65.2634
91.3725
81.768
73.74
69.7536
100
74.3313
93.5108
73.3754
60.9171
73.1786
58.705
95.2269
85.7058
73.1039
71.3499
76.2095
48.964
84.3946
82.5758
74.6339
66.9883
90.5594
74.5993
100
44.9792
78.5529
85.1275
85.4622
100
87.2722
58.0786
83.0111
70.2407
69.0713
58.8886
71.0961
74.4371
65.9878
87.5854
60.6581
100
63.0611
60.4172
70.48
74.6057
78.9423
63.241
81.8199
91.496
65.7041
90.3085
60.453
56.4831
66.2911
74.1938
73.6343
100
63.7795
84.9852
83.9219
56.2075
96.6192
89.4118
65.787
46.9946
78.7627
75.6889
69.0791
91.4704
100
100
94.9545
78.805
59.8397
92.5828
65.8404
100
66.4871
39.9909
81.1343
64.1145
69.2343
80.4023
64.0121
89.1128
98.4437
85.8039
73.2492
84.4829
71.3088
62.3298
80.6958
91.2792
77.9004
82.9335
93.8223
83.9158
62.4054
74.2061
43.3097
100
85.0283
57.2449
79.6339
77.2794
86.8636
51.3478
59.1493
68.7942
65.8726
70.8594
96.506
78.6845
73.9607
71.4607
73.033
78.9011
74.5642
92.9866
82.1069
30.881
96.826
65.7714
100
72.2752
100
80.5649
66.3552
96.9642
64.3982
96.1504
72.2249
86.9851
87.1169
77.9027
68.2494
74.7904
55.4859
53.9664
75.7301
82.875
77.2005
70.2528
71.8144
92.5612
77.6594
89.0837
48.6237
73.5191
100
92.3876
89.8753
66.2948
66.6941
77.149
97.3445
93.1669
87.1572
64.1492
89.2909
91.8316
80.6387
78.5666
96.2712
100
88.4125
63.4344
72.4868
84.7689
88.3381
96.7365
100
97.6311
85.7307
86.1301
61.0039
78.6027
68.7391
82.7484
42.4382
78.4363
71.7075
93.492
75.0769
66.8049
80.2475
80.3219
91.874
89.0121
46.5211
57.3043
75.7857
54.8162
98.02
100
86.2157
87.5985
74.9981
92.6226
82.1072
100
57.5251
72.9292
77.0871
77.8947
83.3514
98.9146
75.5853
83.3923
84.735
65.6344
79.4559
78.9025
88.9647
78.7894
79.5117
79.4733
83.8844
94.6565
91.864
63.8442
87.6492
96.1137
81.7238
71.3086
64.7053
80.032
100
65.8347
63.4474
68.5239
80.1697
72.2554
59.4837
80.1778
74.2408
88.72
93.1746
59.3097
34.824
91.4887
58.6033
69.8984
79.0639
81.0927
60.1971
81.9213
100
75.4383
49.626
93.5056
82.5525
81.2538
89.3674
74.6738
87.3452
74.7451
78.5329
99.6578
52.3527
100
54.1712
68.9023
81.5711
73.4783
81.2455
74.7179
100
47.935
100
90.2111
100
68.0758
55.1363
86.7838
100
73.3412
100
85.6273
67.2493
61.0673
94.6501
67.2545
69.5143
76.11
50.8525
81.1066
70.8375
65.255
82.8005
75.8573
62.0606
99.4069
73.8787
78.2202
62.7598
72.7615
96.0595
82.5269
67.0904
76.3628
43.4229
84.0509
42.4966
64.7934
71.216
69.8033
82.4654
96.5928
88.1063
77.8843
54.7811
73.6978
100
89.7999
83.3358
75.3232
67.9619
86.9383
87.634
69.822
66.2596
77.9786
69.7573
100
80.5933
83.6062
72.9987
100
64.0902
78.5446
98.9011
100
73.7071
98.0203
70.2904
29.9054
83.3072
69.8381
70.7994
84.1407
67.7888
94.9027
77.2751
87.6362
88.5353
69.3199
74.2662
71.5916
61.2679
82.9279
82.5115
96.9052
91.7707
64.3819
52.9211
57.686
99.6815
96.4481
88.3539
89.2523
71.7968
62.6125
100
64.4135
90.5312
87.2314
69.3687
98.3593
100
86.4512
65.9905
69.5597
58.2999
83.6529
66.0031
44.4361
88.9822
49.9174
96.7704
96.92
74.1372
63.6421
74.0158
94.2731
60.1536
68.3071
57.0802
82.0295
71.956
77.0971
66.2169
48.9981
60.2262
85.2059
81.0127
72.6197
94.3671
75.7326
86.8612
82.6849
94.41
100
70.777
74.7872
87.1603
86.7124
100
73.466
96.1535
83.0121
91.2315
61.9424
66.5657
75.09
100
73.7164
99.3951
92.2159
71.976
86.0813
63.3314
100
82.0228
40.9793
100
62.4109
66.5785
92.8907
77.4803
76.8302
55.0786
64.8644
68.351
69.351
94.4498
83.5211
67.1127
87.8229
72.1637
71.0125
80.5956
61.5606
72.9122
81.5213
85.9689
57.0672
92.208
80.9056
83.5041
78.9681
65.3276
61.2543
81.0175
72.8769
73.7052
77.2191
62.1304
73.0649
69.4054
68.7171
82.1568
78.4815
66.1092
83.1282
62.7519
71.8011
73.9725
69.2128
70.2932
70.5079
79.9933
92.3082
68.4115
70.2696
81.5386
71.8946
60.7489
69.9867
98.9024
76.2703
68.2663
71.5156
65.2981
48.0358
89.2086
95.4527
68.4442
79.5596
77.8002
69.2387
55.2955
98.5348
85.0853
64.6296
73.2612
100
74.8075
70.4223
96.1055
78.8999
87.6188
66.262
77.3416
91.2129
89.838
75.8982
72.7046
87.6887
94.3833
67.2726
99.616
60.8663
91.4652
56.5681
77.4018
90.8225
75.6042
76.1571
73.0834
97.8573
71.6483
67.5789
91.0579
74.3743
34.6661
75.6682
97.9944
63.4863
91.8431
89.2613
90.6767
86.7982
65.318
59.047
89.081
60.688
99.8789
70.0806
96.8861
82.4527
89.3085
94.8693
100
83.3095
83.3451
85.1969
66.962
66.3072
75.9678
57.7233
78.7922
97.249
86.488
67.0265
71.2728
77.1571
65.8812
57.0428
87.0981
93.2203
68.6983
92.0019
62.6615
72.2785
60.0486
85.4443
96.3148
68.6273
90.8448
63.5594
80.3394
68.7057
80.2461
74.008
57.315
82.4409
92.2734
85.0956
58.6321
76.0336
91.4313
74.7754
76.2282
74.0946
100
100
72.2324
100
67.8119
49.7364
97.5759
84.5241
75.8285
90.0927
43.668
69.8873
93.0424
64.6605
64.7706
100
88.7848
55.1738
84.634
57.1044
74.8258
69.8037
100
100
71.2285
85.9082
77.2685
100
75.3245
100
58.6281
88.9871
84.3625
52.1732
55.4012
71.2969
82.6483
54.9173
91.041
70.2746
72.4566
70.1046
77.3852
100
71.1861
93.3085
64.0082
81.5791
95.0136
100
94.5931
69.4894
66.64
92.1374
86.8658
68.7751
88.2477
63.5833
73.6555
63.8833
77.6829
67.8226
93.9531
97.0673
49.1801
66.7293
77.8648
82.8198
75.7441
58.2505
100
79.6104
80.2768
99.1409
77.648
92.4496
69.3079
63.9974
79.3265
60.1288
64.3012
85.8327
76.1958
100
69.56
73.9506
68.1169
98.1271
89.2991
86.5736
96.1979
100
67.4803
82.0464
72.7375
75.2397
56.2377
75.7004
72.1216
100
73.8353
73.4798
77.6089
100
59.0793
99.754
55.3557
87.7227
80.5246
59.2227
76.4796
61.7275
89.7993
61.079
77.3929
85.6287
100
60.5987
55.779
80.6119
53.3288
78.7756
74.7543
64.2972
87.8172
92.3287
100
62.3963
54.3351
100
64.0997
66.9346
89.5942
90.4813
64.1925
57.2212
95.5576
85.3335
62.9713
92.2729
65.9374
69.4926
73.9637
58.1008
69.5613
70.4635
88.8621
96.0523
85.4549
100
92.8143
71.8087
81.3125
70.6673
49.2833
88.7694
94.5851
92.6681
56.5701
71.0796
65.0641
79.1406
96.2941
71.3216
90.197
83.2049
97.5602
98.2241
87.311
64.1934
74.8086
70.5553
75.8294
83.8815
99.4326
57.3982
59.2364
84.5383
82.5363
69.69
90.6071
63.0014
93.4506
67.5804
67.9601
82.2911
57.5334
75.1057
83.3087
90.9562
79.8307
69.8258
62.0157
86.7885
92.4476
58.8887
42.0935
63.2588
81.8949
81.1177
69.4565
100
77.9861
81.8557
70.5557
74.6004
60.5899
62.1103
90.1611
61.9275
85.5764
100
80.5306
70.8983
100
68.0132
75.7964
36.7537
60.4126
64.1401
70.2194
62.1884
77.2952
57.7692
74.6259
70.7091
73.5418
73.4027
77.4991
50.4481
76.5957
63.0593
68.4265
79.7248
100
80.1551
63.5041
79.2816
75.3139
83.7198
97.1906
96.292
78.1698
50.5593
94.6548
76.5112
88.1533
56.3707
100
71.4381
72.0943
87.3776
83.5015
73.7535
77.5851
96.1158
82.6264
81.3362
52.2616
78.3826
73.0133
77.0298
67.7095
88.3826
77.7517
63.7027
87.2576
73.1885
64.207
78.0486
71.7981
70.8732
78.2776
98.6062
88.5789
91.093
43.7011